0 0 None
0 1 Factor containing 2 variables
-------------------------
| X_0 X_1 | Probability |
-------------------------
|  0   0  |        0.12 |
|  1   0  |        0.15 |
|  2   0  |        0.03 |
|  0   1  |        0.04 |
|  1   1  |         0.2 |
|  2   1  |        0.06 |
|  0   2  |        0.02 |
|  1   2  |         0.1 |
|  2   2  |       0.135 |
|  0   3  |        0.02 |
|  1   3  |        0.05 |
|  2   3  |       0.075 |
-------------------------


0 2 None
0 3 None
0 4 Factor containing 2 variables
-------------------------
| X_0 X_4 | Probability |
-------------------------
|  0   0  |      0.0378 |
|  1   0  |       0.069 |
|  2   0  |     0.00795 |
|  0   1  |      0.0042 |
|  1   1  |      0.0345 |
|  2   1  |      0.0318 |
|  0   2  |           0 |
|  1   2  |      0.0115 |
|  2   2  |     0.03975 |
-------------------------


1 0 Factor containing 2 variables
-------------------------
| X_0 X_1 | Probability |
-------------------------
|  0   0  |        0.12 |
|  1   0  |        0.06 |
|  2   0  |        0.02 |
|  0   1  |        0.04 |
|  1   1  |        0.08 |
|  2   1  |        0.04 |
|  0   2  |        0.04 |
|  1   2  |        0.08 |
|  2   2  |        0.18 |
|  0   3  |        0.01 |
|  1   3  |        0.01 |
|  2   3  |       0.025 |
-------------------------


1 1 None
1 2 Factor containing 2 variables
-------------------------
| X_1 X_2 | Probability |
-------------------------
|  0   0  |       0.054 |
|  1   0  |       0.042 |
|  2   0  |       0.051 |
|  3   0  |      0.0029 |
|  0   1  |       0.006 |
|  1   1  |       0.018 |
|  2   1  |       0.051 |
|  3   1  |      0.0116 |
-------------------------


1 3 Factor containing 2 variables
-------------------------
| X_1 X_3 | Probability |
-------------------------
|  0   0  |           0 |
|  1   0  |           0 |
|  2   0  |           0 |
|  3   0  |           0 |
|  0   1  |        0.06 |
|  1   1  |        0.06 |
|  2   1  |       0.102 |
|  3   1  |      0.0145 |
|  0   2  |           0 |
|  1   2  |           0 |
|  2   2  |           0 |
|  3   2  |           0 |
-------------------------


1 4 None
2 0 None
2 1 Factor containing 2 variables
-------------------------
| X_1 X_2 | Probability |
-------------------------
|  0   0  |         0.9 |
|  1   0  |         0.7 |
|  2   0  |         0.5 |
|  3   0  |         0.2 |
|  0   1  |         0.1 |
|  1   1  |         0.3 |
|  2   1  |         0.5 |
|  3   1  |         0.8 |
-------------------------


2 2 None
2 3 None
2 4 None
3 0 None
3 1 Factor containing 2 variables
-------------------------
| X_1 X_3 | Probability |
-------------------------
|  0   0  |           0 |
|  1   0  |           0 |
|  2   0  |           0 |
|  3   0  |           0 |
|  0   1  |         0.2 |
|  1   1  |         0.2 |
|  2   1  |         0.4 |
|  3   1  |         0.1 |
|  0   2  |           0 |
|  1   2  |           0 |
|  2   2  |           0 |
|  3   2  |           0 |
-------------------------


3 2 None
3 3 None
3 4 None
4 0 Factor containing 2 variables
-------------------------
| X_0 X_4 | Probability |
-------------------------
|  0   0  |         0.9 |
|  1   0  |         0.6 |
|  2   0  |         0.1 |
|  0   1  |         0.1 |
|  1   1  |         0.3 |
|  2   1  |         0.4 |
|  0   2  |           0 |
|  1   2  |         0.1 |
|  2   2  |         0.5 |
-------------------------


4 1 None
4 2 None
4 3 None
4 4 None
0 0 None
0 1 Factor containing 2 variables
-------------------------
| X_0 X_1 | Probability |
-------------------------
|  0   0  |           0 |
|  1   0  |           0 |
|  2   0  |           0 |
|  0   1  |           0 |
|  1   1  |           0 |
|  2   1  |           0 |
|  0   2  |        0.02 |
|  1   2  |         0.1 |
|  2   2  |       0.135 |
|  0   3  |           0 |
|  1   3  |           0 |
|  2   3  |           0 |
-------------------------


0 2 None
0 3 None
0 4 Factor containing 2 variables
-------------------------
| X_0 X_4 | Probability |
-------------------------
|  0   0  |       0.009 |
|  1   0  |        0.03 |
|  2   0  |     0.00675 |
|  0   1  |       0.001 |
|  1   1  |       0.015 |
|  2   1  |       0.027 |
|  0   2  |           0 |
|  1   2  |       0.005 |
|  2   2  |     0.03375 |
-------------------------


1 0 Factor containing 2 variables
-------------------------
| X_0 X_1 | Probability |
-------------------------
|  0   0  |           0 |
|  1   0  |           0 |
|  2   0  |           0 |
|  0   1  |           0 |
|  1   1  |           0 |
|  2   1  |           0 |
|  0   2  |        0.05 |
|  1   2  |         0.1 |
|  2   2  |       0.225 |
|  0   3  |           0 |
|  1   3  |           0 |
|  2   3  |           0 |
-------------------------


1 1 None
1 2 Factor containing 2 variables
-------------------------
| X_1 X_2 | Probability |
-------------------------
|  0   0  |           0 |
|  1   0  |           0 |
|  2   0  |      0.1275 |
|  3   0  |           0 |
|  0   1  |           0 |
|  1   1  |           0 |
|  2   1  |           0 |
|  3   1  |           0 |
-------------------------


1 3 Factor containing 2 variables
-------------------------
| X_1 X_3 | Probability |
-------------------------
|  0   0  |           0 |
|  1   0  |           0 |
|  2   0  |     0.01275 |
|  3   0  |           0 |
|  0   1  |           0 |
|  1   1  |           0 |
|  2   1  |       0.051 |
|  3   1  |           0 |
|  0   2  |           0 |
|  1   2  |           0 |
|  2   2  |     0.06375 |
|  3   2  |           0 |
-------------------------


1 4 None
2 0 None
2 1 Factor containing 2 variables
-------------------------
| X_1 X_2 | Probability |
-------------------------
|  0   0  |           0 |
|  1   0  |           0 |
|  2   0  |         0.5 |
|  3   0  |           0 |
|  0   1  |           0 |
|  1   1  |           0 |
|  2   1  |           0 |
|  3   1  |           0 |
-------------------------


2 2 None
2 3 None
2 4 None
3 0 None
3 1 Factor containing 2 variables
-------------------------
| X_1 X_3 | Probability |
-------------------------
|  0   0  |           0 |
|  1   0  |           0 |
|  2   0  |         0.1 |
|  3   0  |           0 |
|  0   1  |           0 |
|  1   1  |           0 |
|  2   1  |         0.4 |
|  3   1  |           0 |
|  0   2  |           0 |
|  1   2  |           0 |
|  2   2  |         0.5 |
|  3   2  |           0 |
-------------------------


3 2 None
3 3 None
3 4 None
4 0 Factor containing 2 variables
-------------------------
| X_0 X_4 | Probability |
-------------------------
|  0   0  |         0.9 |
|  1   0  |         0.6 |
|  2   0  |         0.1 |
|  0   1  |         0.1 |
|  1   1  |         0.3 |
|  2   1  |         0.4 |
|  0   2  |           0 |
|  1   2  |         0.1 |
|  2   2  |         0.5 |
-------------------------


4 1 None
4 2 None
4 3 None
4 4 None